<?xml version="1.0"?>
<opencv_storage>
<camera-matrix type_id="opencv-matrix">
  <rows>3</rows>
  <cols>3</cols>
  <dt>d</dt>
  <data>
    7.9356613640632759e+02 0. 9.5256870802964909e+02 0.
    7.9591758726593093e+02 5.6879327597413760e+02 0. 0. 1.</data></camera-matrix>
<distortion-coefficients type_id="opencv-matrix">
  <rows>1</rows>
  <cols>5</cols>
  <dt>d</dt>
  <data>
    -1.9988159710181799e-01 4.9397283053704936e-02
    -1.2792744557589921e-04 1.1971741375312140e-05
    -6.2861913242464361e-03</data></distortion-coefficients>
</opencv_storage>
