<?xml version="1.0"?>
<opencv_storage>
    <camera_matrix type_id="opencv-matrix">
        <rows>
            3
        </rows>
        <cols>
            3
        </cols>
        <dt>
            d
         </dt>
        <data>
            1.5574103859671698e+03 0. 9.5950000000000000e+02 0. 1.5574103859671698e+03 5.3950000000000000e+02 0. 0. 1.
        </data>
    </camera_matrix>
    <distortion_coefficients type_id="opencv-matrix">
        <rows>
            5
        </rows>
        <cols>
            1
        </cols>
        <dt>
            d
        </dt>
        <data>
            -7.7675978575346527e-01 7.5855047327975034e-01 0. 0. -3.8148445730939529e-01
        </data>
    </distortion_coefficients>
</opencv_storage>
